time channel1 channel2 channel3 channel4
-3e-07 4.800000000000001 -0.2 0.0 0.0
-2.995e-07 4.800000000000001 -0.2 0.0 0.0
-2.9899999999999996e-07 4.800000000000001 -0.2 -0.2 0.0
-2.985e-07 4.800000000000001 -0.2 -0.2 0.0
-2.98e-07 4.800000000000001 -0.2 0.0 0.0
-2.975e-07 4.800000000000001 -0.2 0.0 0.0
-2.9699999999999997e-07 4.800000000000001 -0.2 0.0 0.0
-2.965e-07 4.800000000000001 -0.2 0.0 0.0
-2.96e-07 4.800000000000001 -0.4 0.0 0.0
-2.9549999999999997e-07 4.800000000000001 -0.4 0.0 0.0
-2.95e-07 4.800000000000001 -0.4 0.0 0.0
-2.945e-07 4.800000000000001 -0.4 0.0 0.0
-2.9399999999999996e-07 4.800000000000001 -0.2 0.0 0.0
-2.935e-07 4.800000000000001 -0.2 0.0 0.0
-2.93e-07 4.800000000000001 -0.4 0.0 0.4
-2.925e-07 4.800000000000001 -0.4 0.0 0.4
-2.9199999999999997e-07 4.800000000000001 -0.2 0.0 0.2
-2.915e-07 4.800000000000001 -0.2 0.0 0.2
-2.91e-07 4.800000000000001 -0.2 -0.2 0.0
-2.9049999999999996e-07 4.800000000000001 -0.2 -0.2 0.0
-2.9e-07 4.800000000000001 -0.2 0.0 0.0
-2.895e-07 4.800000000000001 -0.2 0.0 0.0
-2.89e-07 4.800000000000001 -0.2 0.0 0.0
-2.8849999999999997e-07 4.800000000000001 -0.2 0.0 0.0
-2.88e-07 4.800000000000001 -0.2 0.0 -0.4
-2.875e-07 4.800000000000001 -0.2 0.0 -0.4
-2.8699999999999996e-07 4.800000000000001 -0.2 -0.2 -0.4
-2.865e-07 4.800000000000001 -0.2 -0.2 -0.4
-2.86e-07 4.800000000000001 -0.2 -0.2 -0.2
-2.855e-07 4.800000000000001 -0.2 -0.2 -0.2
-2.8499999999999997e-07 4.800000000000001 0.0 0.0 0.0
-2.845e-07 4.800000000000001 0.0 0.0 0.0
-2.84e-07 4.800000000000001 0.0 0.0 0.0
-2.8349999999999996e-07 4.800000000000001 0.0 0.0 0.0
-2.83e-07 4.800000000000001 0.0 0.0 0.0
-2.825e-07 4.800000000000001 0.0 0.0 0.0
-2.82e-07 4.800000000000001 0.2 0.0 0.2
-2.8149999999999997e-07 4.800000000000001 0.2 0.0 0.2
-2.81e-07 4.800000000000001 0.0 0.0 0.2
-2.805e-07 4.800000000000001 0.0 0.0 0.2
-2.7999999999999997e-07 4.800000000000001 -0.4 0.0 0.0
-2.795e-07 4.800000000000001 -0.4 0.0 0.0
-2.79e-07 4.800000000000001 -0.4 0.0 0.0
-2.7849999999999996e-07 4.800000000000001 -0.4 0.0 0.0
-2.78e-07 4.800000000000001 -0.4 0.0 0.0
-2.775e-07 4.800000000000001 -0.4 0.0 0.0
-2.77e-07 4.800000000000001 -0.2 0.0 0.0
-2.7649999999999997e-07 4.800000000000001 -0.2 0.0 0.0
-2.76e-07 4.800000000000001 -0.2 0.0 0.0
-2.755e-07 4.800000000000001 -0.2 0.0 0.0
-2.7499999999999996e-07 4.800000000000001 -0.2 -0.2 0.0
-2.745e-07 4.800000000000001 -0.2 -0.2 0.0
-2.74e-07 4.800000000000001 -0.4 0.0 0.0
-2.735e-07 4.800000000000001 -0.4 0.0 0.0
-2.7299999999999997e-07 4.800000000000001 -0.2 0.0 0.0
-2.725e-07 4.800000000000001 -0.2 0.0 0.0
-2.72e-07 4.800000000000001 -0.2 0.0 0.0
-2.7149999999999996e-07 4.800000000000001 -0.2 0.0 0.0
-2.71e-07 4.800000000000001 -0.2 0.0 0.0
-2.705e-07 4.800000000000001 -0.2 0.0 0.0
-2.6999999999999996e-07 4.800000000000001 -0.2 0.0 0.0
-2.6949999999999997e-07 4.800000000000001 -0.2 0.0 0.0
-2.69e-07 4.800000000000001 -0.2 0.0 0.0
-2.685e-07 4.800000000000001 -0.2 0.0 0.0
-2.6799999999999996e-07 4.6000000000000005 -0.2 0.0 0.0
-2.675e-07 4.6000000000000005 -0.2 0.0 0.0
-2.67e-07 4.6000000000000005 -0.2 0.0 0.0
-2.665e-07 4.6000000000000005 -0.2 0.0 0.0
-2.6599999999999997e-07 4.6000000000000005 -0.2 0.0 0.0
-2.655e-07 4.6000000000000005 -0.2 0.0 0.0
-2.65e-07 4.6000000000000005 -0.2 0.0 0.0
-2.6449999999999997e-07 4.6000000000000005 -0.2 0.0 0.0
-2.64e-07 4.800000000000001 -0.2 -0.2 0.0
-2.635e-07 4.800000000000001 -0.2 -0.2 0.0
-2.6299999999999996e-07 4.800000000000001 -0.4 0.0 0.0
-2.625e-07 4.800000000000001 -0.4 0.0 0.0
-2.62e-07 4.800000000000001 -0.4 0.0 0.0
-2.615e-07 4.800000000000001 -0.4 0.0 0.0
-2.6099999999999997e-07 4.800000000000001 -0.4 0.0 0.0
-2.605e-07 4.800000000000001 -0.4 0.0 0.0
-2.6e-07 4.800000000000001 -0.4 -0.2 0.0
-2.5949999999999996e-07 4.800000000000001 -0.4 -0.2 0.0
-2.59e-07 4.800000000000001 -0.2 -0.2 0.0
-2.585e-07 4.800000000000001 -0.2 -0.2 0.0
-2.58e-07 4.6000000000000005 -0.2 0.0 0.0
-2.5749999999999997e-07 4.6000000000000005 -0.2 0.0 0.0
-2.57e-07 4.800000000000001 -0.2 -0.2 0.0
-2.565e-07 4.800000000000001 -0.2 -0.2 0.0
-2.5599999999999996e-07 4.800000000000001 -0.2 -0.2 0.0
-2.555e-07 4.800000000000001 -0.2 -0.2 0.0
-2.55e-07 4.800000000000001 -0.2 0.0 0.0
-2.5449999999999996e-07 4.800000000000001 -0.2 0.0 0.0
-2.5399999999999997e-07 4.800000000000001 -0.2 -0.2 0.0
-2.535e-07 4.800000000000001 -0.2 -0.2 0.0
-2.53e-07 4.800000000000001 0.0 0.0 0.0
-2.5249999999999996e-07 4.800000000000001 0.0 0.0 0.0
-2.52e-07 4.800000000000001 0.0 0.0 0.0
-2.515e-07 4.800000000000001 0.0 0.0 0.0
-2.51e-07 4.800000000000001 0.0 0.0 0.0
-2.5049999999999997e-07 4.800000000000001 0.0 0.0 0.0
-2.5e-07 4.800000000000001 0.2 0.0 0.2
-2.495e-07 4.800000000000001 0.2 0.0 0.2
-2.4899999999999997e-07 4.800000000000001 0.2 -0.2 0.0
-2.485e-07 4.800000000000001 0.2 -0.2 0.0
-2.48e-07 4.800000000000001 -0.2 -0.2 0.0
-2.4749999999999996e-07 4.800000000000001 -0.2 -0.2 0.0
-2.47e-07 4.800000000000001 -0.2 -0.2 0.0
-2.465e-07 4.800000000000001 -0.2 -0.2 0.0
-2.46e-07 4.800000000000001 -0.2 0.0 0.0
-2.4549999999999997e-07 4.800000000000001 -0.2 0.0 0.0
-2.45e-07 4.800000000000001 -0.4 -0.2 0.0
-2.445e-07 4.800000000000001 -0.4 -0.2 0.0
-2.4399999999999996e-07 4.800000000000001 -0.2 0.0 0.2
-2.435e-07 4.800000000000001 -0.2 0.0 0.2
-2.43e-07 4.800000000000001 -0.2 0.0 0.0
-2.425e-07 4.800000000000001 -0.2 0.0 0.0
-2.4199999999999997e-07 4.800000000000001 -0.2 0.0 0.0
-2.415e-07 4.800000000000001 -0.2 0.0 0.0
-2.41e-07 4.800000000000001 -0.2 0.0 0.0
-2.4049999999999996e-07 4.800000000000001 -0.2 0.0 0.0
-2.4e-07 4.800000000000001 -0.2 0.0 0.0
-2.395e-07 4.800000000000001 -0.2 0.0 0.0
-2.3899999999999996e-07 4.800000000000001 -0.2 0.0 0.0
-2.3849999999999997e-07 4.800000000000001 -0.2 0.0 0.0
-2.38e-07 4.800000000000001 -0.2 0.0 0.0
-2.3749999999999998e-07 4.800000000000001 -0.2 0.0 0.0
-2.3699999999999996e-07 4.800000000000001 -0.4 0.0 0.0
-2.3649999999999998e-07 4.800000000000001 -0.4 0.0 0.0
-2.36e-07 4.800000000000001 -0.2 0.0 0.0
-2.3549999999999998e-07 4.800000000000001 -0.2 0.0 0.0
-2.3499999999999997e-07 4.800000000000001 -0.2 0.0 0.0
-2.345e-07 4.800000000000001 -0.2 0.0 0.0
-2.3399999999999998e-07 4.800000000000001 -0.4 0.0 0.0
-2.3349999999999997e-07 4.800000000000001 -0.4 0.0 0.0
-2.3299999999999998e-07 4.800000000000001 -0.2 0.0 0.0
-2.325e-07 4.800000000000001 -0.2 0.0 0.0
-2.3199999999999999e-07 4.6000000000000005 -0.2 0.0 0.0
-2.3149999999999998e-07 4.6000000000000005 -0.2 0.0 0.0
-2.31e-07 4.800000000000001 -0.2 0.0 0.0
-2.3049999999999998e-07 4.800000000000001 -0.2 0.0 0.0
-2.2999999999999997e-07 4.800000000000001 -0.2 0.0 0.0
-2.2949999999999998e-07 4.800000000000001 -0.2 0.0 0.0
-2.29e-07 4.800000000000001 -0.4 0.0 0.0
-2.285e-07 4.800000000000001 -0.4 0.0 0.0
-2.2799999999999998e-07 4.800000000000001 -0.4 0.0 0.0
-2.275e-07 4.800000000000001 -0.4 0.0 0.0
-2.2699999999999998e-07 4.800000000000001 -0.4 0.0 0.0
-2.2649999999999997e-07 4.800000000000001 -0.4 0.0 0.0
-2.2599999999999999e-07 4.800000000000001 -0.4 0.0 0.0
-2.255e-07 4.800000000000001 -0.4 0.0 0.0
-2.2499999999999996e-07 4.800000000000001 0.0 0.0 0.0
-2.2449999999999998e-07 4.800000000000001 0.0 0.0 0.0
-2.24e-07 4.800000000000001 0.0 0.0 0.0
-2.2349999999999998e-07 4.800000000000001 0.0 0.0 0.0
-2.2299999999999997e-07 4.800000000000001 0.2 0.0 0.0
-2.225e-07 4.800000000000001 0.2 0.0 0.0
-2.2199999999999998e-07 4.800000000000001 0.2 0.0 0.0
-2.2149999999999997e-07 4.800000000000001 0.2 0.0 0.0
-2.2099999999999998e-07 4.800000000000001 0.2 0.0 0.0
-2.205e-07 4.800000000000001 0.2 0.0 0.0
-2.1999999999999998e-07 4.800000000000001 -0.2 -0.2 0.0
-2.1949999999999997e-07 4.800000000000001 -0.2 -0.2 0.0
-2.19e-07 4.800000000000001 -0.4 -0.2 0.0
-2.1849999999999998e-07 4.800000000000001 -0.4 -0.2 0.0
-2.1799999999999997e-07 4.800000000000001 -0.2 -0.2 0.0
-2.1749999999999998e-07 4.800000000000001 -0.2 -0.2 0.0
-2.17e-07 4.800000000000001 -0.2 -0.2 0.0
-2.1649999999999999e-07 4.800000000000001 -0.2 -0.2 0.0
-2.1599999999999998e-07 4.800000000000001 -0.2 0.0 0.0
-2.155e-07 4.800000000000001 -0.2 0.0 0.0
-2.1499999999999998e-07 4.800000000000001 -0.2 -0.2 0.0
-2.1449999999999997e-07 4.800000000000001 -0.2 -0.2 0.0
-2.1399999999999998e-07 4.800000000000001 -0.4 0.0 0.0
-2.135e-07 4.800000000000001 -0.4 0.0 0.0
-2.1299999999999996e-07 4.800000000000001 -0.2 -0.2 0.0
-2.1249999999999998e-07 4.800000000000001 -0.2 -0.2 0.0
-2.12e-07 4.800000000000001 -0.2 0.0 0.0
-2.1149999999999998e-07 4.800000000000001 -0.2 0.0 0.0
-2.1099999999999997e-07 4.6000000000000005 -0.2 -0.2 0.0
-2.1049999999999999e-07 4.6000000000000005 -0.2 -0.2 0.0
-2.0999999999999997e-07 4.800000000000001 -0.2 -0.2 0.0
-2.0949999999999996e-07 4.800000000000001 -0.2 -0.2 0.0
-2.0899999999999998e-07 4.800000000000001 -0.2 0.0 0.0
-2.085e-07 4.800000000000001 -0.2 0.0 0.0
-2.0799999999999998e-07 4.800000000000001 -0.2 -0.2 0.0
-2.0749999999999997e-07 4.800000000000001 -0.2 -0.2 0.0
-2.07e-07 4.800000000000001 -0.2 0.0 0.0
-2.0649999999999998e-07 4.800000000000001 -0.2 0.0 0.0
-2.0599999999999997e-07 4.800000000000001 -0.2 0.0 0.0
-2.0549999999999998e-07 4.800000000000001 -0.2 0.0 0.0
-2.05e-07 4.6000000000000005 -0.2 0.0 0.0
-2.0449999999999998e-07 4.6000000000000005 -0.2 0.0 0.0
-2.0399999999999997e-07 4.800000000000001 -0.2 0.0 0.0
-2.035e-07 4.800000000000001 -0.2 0.0 0.0
-2.0299999999999998e-07 4.800000000000001 -0.4 0.0 0.0
-2.0249999999999997e-07 4.800000000000001 -0.4 0.0 0.0
-2.0199999999999998e-07 4.800000000000001 -0.4 -0.2 0.0
-2.015e-07 4.800000000000001 -0.4 -0.2 0.0
-2.0099999999999999e-07 4.800000000000001 0.0 -0.2 0.0
-2.0049999999999998e-07 4.800000000000001 0.0 -0.2 0.0
-2e-07 4.800000000000001 0.0 0.0 0.0
-1.9949999999999998e-07 4.800000000000001 0.0 0.0 0.0
-1.9899999999999997e-07 4.800000000000001 0.0 -0.2 0.0
-1.9849999999999998e-07 4.800000000000001 0.0 -0.2 0.0
-1.98e-07 4.800000000000001 0.0 0.0 0.0
-1.9749999999999996e-07 4.800000000000001 0.0 0.0 0.0
-1.9699999999999998e-07 4.800000000000001 0.0 -0.2 0.0
-1.965e-07 4.800000000000001 0.0 -0.2 0.0
-1.9599999999999998e-07 4.800000000000001 -0.2 0.0 0.0
-1.9549999999999997e-07 4.800000000000001 -0.2 0.0 0.0
-1.9499999999999999e-07 4.800000000000001 -0.2 0.0 0.0
-1.9449999999999997e-07 4.800000000000001 -0.2 0.0 0.0
-1.9399999999999996e-07 4.800000000000001 -0.2 0.0 0.0
-1.9349999999999998e-07 4.800000000000001 -0.2 0.0 0.0
-1.93e-07 4.800000000000001 -0.2 0.0 0.2
-1.9249999999999998e-07 4.800000000000001 -0.2 0.0 0.2
-1.9199999999999997e-07 4.800000000000001 -0.2 0.0 0.0
-1.915e-07 4.800000000000001 -0.2 0.0 0.0
-1.9099999999999998e-07 4.800000000000001 -0.2 0.0 0.0
-1.9049999999999997e-07 4.800000000000001 -0.2 0.0 0.0
-1.8999999999999998e-07 4.6000000000000005 -0.2 0.0 0.0
-1.895e-07 4.6000000000000005 -0.2 0.0 0.0
-1.8899999999999999e-07 4.6000000000000005 0.2 0.0 0.0
-1.8849999999999997e-07 4.6000000000000005 0.2 0.0 0.0
-1.88e-07 4.800000000000001 0.2 0.0 0.0
-1.8749999999999998e-07 4.800000000000001 0.2 0.0 0.0
-1.8699999999999997e-07 4.800000000000001 0.0 0.0 0.0
-1.8649999999999998e-07 4.800000000000001 0.0 0.0 0.0
-1.86e-07 4.800000000000001 0.0 0.0 0.0
-1.8549999999999996e-07 4.800000000000001 0.0 0.0 0.0
-1.8499999999999998e-07 4.800000000000001 0.0 0.0 0.0
-1.845e-07 4.800000000000001 0.0 0.0 0.0
-1.8399999999999998e-07 4.800000000000001 -0.4 0.0 0.2
-1.8349999999999997e-07 4.800000000000001 -0.4 0.0 0.2
-1.8299999999999998e-07 4.800000000000001 -0.2 -0.2 0.2
-1.8249999999999997e-07 4.800000000000001 -0.2 -0.2 0.2
-1.8199999999999996e-07 4.800000000000001 -0.4 0.0 0.2
-1.8149999999999998e-07 4.800000000000001 -0.4 0.0 0.2
-1.81e-07 4.800000000000001 -0.4 0.0 0.4
-1.8049999999999998e-07 4.800000000000001 -0.4 0.0 0.4
-1.7999999999999997e-07 4.800000000000001 -0.2 0.0 0.4
-1.7949999999999999e-07 4.800000000000001 -0.2 0.0 0.4
-1.7899999999999997e-07 4.800000000000001 -0.2 0.0 0.0
-1.785e-07 4.800000000000001 -0.2 0.0 0.0
-1.7799999999999998e-07 4.800000000000001 -0.2 0.0 0.0
-1.7749999999999997e-07 4.800000000000001 -0.2 0.0 0.0
-1.7699999999999998e-07 4.800000000000001 -0.2 0.0 0.0
-1.7649999999999997e-07 4.800000000000001 -0.2 0.0 0.0
-1.76e-07 4.800000000000001 -0.2 0.0 -0.4
-1.7549999999999998e-07 4.800000000000001 -0.2 0.0 -0.4
-1.7499999999999997e-07 4.800000000000001 -0.2 -0.2 -0.4
-1.7449999999999998e-07 4.800000000000001 -0.2 -0.2 -0.4
-1.7399999999999997e-07 4.800000000000001 -0.4 0.0 -0.4
-1.7349999999999999e-07 4.800000000000001 -0.4 0.0 -0.4
-1.7299999999999997e-07 4.800000000000001 -0.4 -0.2 0.0
-1.725e-07 4.800000000000001 -0.4 -0.2 0.0
-1.7199999999999998e-07 4.800000000000001 -0.2 -0.2 0.0
-1.7149999999999997e-07 4.800000000000001 -0.2 -0.2 0.0
-1.7099999999999998e-07 4.800000000000001 -0.2 -0.2 0.0
-1.7049999999999997e-07 4.800000000000001 -0.2 -0.2 0.0
-1.7e-07 4.800000000000001 -0.2 0.0 0.4
-1.6949999999999998e-07 4.800000000000001 -0.2 0.0 0.4
-1.69e-07 4.800000000000001 -0.2 0.0 0.4
-1.6849999999999998e-07 4.800000000000001 -0.2 0.0 0.4
-1.6799999999999997e-07 4.800000000000001 -0.2 0.0 0.0
-1.6749999999999998e-07 4.800000000000001 -0.2 0.0 0.0
-1.6699999999999997e-07 4.800000000000001 -0.2 0.0 0.0
-1.665e-07 4.800000000000001 -0.2 0.0 0.0
-1.6599999999999998e-07 4.800000000000001 -0.2 -0.2 0.0
-1.6549999999999997e-07 4.800000000000001 -0.2 -0.2 0.0
-1.6499999999999998e-07 4.800000000000001 -0.2 -0.2 0.0
-1.6449999999999997e-07 4.800000000000001 -0.2 -0.2 0.0
-1.6399999999999999e-07 4.800000000000001 -0.2 0.0 0.2
-1.6349999999999998e-07 4.800000000000001 -0.2 0.0 0.2
-1.63e-07 4.800000000000001 -0.2 0.0 0.0
-1.6249999999999998e-07 4.800000000000001 -0.2 0.0 0.0
-1.6199999999999997e-07 4.800000000000001 -0.2 0.0 0.0
-1.6149999999999998e-07 4.800000000000001 -0.2 0.0 0.0
-1.6099999999999997e-07 4.800000000000001 -0.2 0.0 0.0
-1.605e-07 4.800000000000001 -0.2 0.0 0.0
-1.5999999999999998e-07 4.800000000000001 -0.2 0.0 0.0
-1.5949999999999997e-07 4.800000000000001 -0.2 0.0 0.0
-1.5899999999999998e-07 4.800000000000001 -0.2 0.0 0.0
-1.5849999999999997e-07 4.800000000000001 -0.2 0.0 0.0
-1.5799999999999999e-07 4.800000000000001 -0.2 0.0 0.0
-1.5749999999999997e-07 4.800000000000001 -0.2 0.0 0.0
-1.57e-07 4.800000000000001 -0.2 0.0 0.0
-1.5649999999999998e-07 4.800000000000001 -0.2 0.0 0.0
-1.5599999999999997e-07 4.800000000000001 -0.2 0.0 0.0
-1.5549999999999998e-07 4.800000000000001 -0.2 0.0 0.0
-1.5499999999999997e-07 4.800000000000001 -0.4 0.0 0.0
-1.545e-07 4.800000000000001 -0.4 0.0 0.0
-1.5399999999999998e-07 4.800000000000001 -0.2 0.0 0.0
-1.5349999999999996e-07 4.800000000000001 -0.2 0.0 0.0
-1.5299999999999998e-07 4.800000000000001 0.0 -0.2 0.0
-1.5249999999999997e-07 4.800000000000001 0.0 -0.2 0.0
-1.5199999999999998e-07 4.800000000000001 0.0 -0.2 0.0
-1.5149999999999997e-07 4.800000000000001 0.0 -0.2 0.0
-1.51e-07 4.800000000000001 0.0 -0.2 0.0
-1.5049999999999998e-07 4.800000000000001 0.0 -0.2 0.0
-1.4999999999999997e-07 4.800000000000001 0.0 -0.2 0.0
-1.4949999999999998e-07 4.800000000000001 0.0 -0.2 0.0
-1.4899999999999997e-07 4.800000000000001 0.0 -0.2 0.2
-1.4849999999999999e-07 4.800000000000001 0.0 -0.2 0.2
-1.4799999999999998e-07 4.800000000000001 -0.4 -0.2 0.4
-1.4749999999999996e-07 4.800000000000001 -0.4 -0.2 0.4
-1.4699999999999998e-07 4.800000000000001 -0.4 0.0 0.0
-1.4649999999999997e-07 4.800000000000001 -0.4 0.0 0.0
-1.4599999999999998e-07 4.800000000000001 -0.4 0.0 0.0
-1.4549999999999997e-07 4.800000000000001 -0.4 0.0 0.0
-1.45e-07 4.800000000000001 -0.4 0.0 0.0
-1.4449999999999998e-07 4.800000000000001 -0.4 0.0 0.0
-1.4399999999999997e-07 4.800000000000001 -0.2 0.0 -0.4
-1.4349999999999998e-07 4.800000000000001 -0.2 0.0 -0.4
-1.4299999999999997e-07 4.800000000000001 -0.4 -0.2 -0.4
-1.4249999999999999e-07 4.800000000000001 -0.4 -0.2 -0.4
-1.4199999999999997e-07 4.800000000000001 -0.2 -0.2 -0.4
-1.4149999999999996e-07 4.800000000000001 -0.2 -0.2 -0.4
-1.4099999999999998e-07 4.800000000000001 -0.2 -0.2 0.0
-1.4049999999999997e-07 4.800000000000001 -0.2 -0.2 0.0
-1.3999999999999998e-07 4.800000000000001 -0.4 0.0 0.0
-1.3949999999999997e-07 4.800000000000001 -0.4 0.0 0.0
-1.39e-07 4.800000000000001 -0.2 0.0 0.0
-1.3849999999999998e-07 4.800000000000001 -0.2 0.0 0.0
-1.3799999999999997e-07 4.800000000000001 -0.2 0.0 0.0
-1.3749999999999998e-07 4.800000000000001 -0.2 0.0 0.0
-1.3699999999999997e-07 4.800000000000001 -0.2 0.0 0.0
-1.3649999999999998e-07 4.800000000000001 -0.2 0.0 0.0
-1.3599999999999997e-07 4.800000000000001 -0.2 0.0 0.0
-1.355e-07 4.800000000000001 -0.2 0.0 0.0
-1.3499999999999998e-07 4.800000000000001 -0.2 0.0 0.0
-1.3449999999999997e-07 4.800000000000001 -0.2 0.0 0.0
-1.3399999999999998e-07 4.800000000000001 -0.2 0.0 0.0
-1.3349999999999997e-07 4.800000000000001 -0.2 0.0 0.0
-1.3299999999999999e-07 4.800000000000001 -0.2 0.0 0.0
-1.3249999999999998e-07 4.800000000000001 -0.2 0.0 0.0
-1.3199999999999996e-07 4.800000000000001 -0.4 0.0 0.0
-1.3149999999999998e-07 4.800000000000001 -0.4 0.0 0.0
-1.3099999999999997e-07 4.800000000000001 -0.4 0.0 0.0
-1.3049999999999998e-07 4.800000000000001 -0.4 0.0 0.0
-1.2999999999999997e-07 4.800000000000001 -0.2 0.0 0.0
-1.295e-07 4.800000000000001 -0.2 0.0 0.0
-1.2899999999999998e-07 4.6000000000000005 -0.2 -0.2 0.0
-1.2849999999999997e-07 4.6000000000000005 -0.2 -0.2 0.0
-1.2799999999999998e-07 4.800000000000001 -0.2 -0.2 -0.2
-1.2749999999999997e-07 4.800000000000001 -0.2 -0.2 -0.2
-1.2699999999999999e-07 4.800000000000001 -0.2 0.0 -0.2
-1.2649999999999997e-07 4.800000000000001 -0.2 0.0 -0.2
-1.2599999999999996e-07 4.800000000000001 -0.4 -0.2 -0.2
-1.2549999999999998e-07 4.800000000000001 -0.4 -0.2 -0.2
-1.2499999999999997e-07 4.800000000000001 -0.2 -0.2 0.2
-1.2449999999999998e-07 4.800000000000001 -0.2 -0.2 0.2
-1.2399999999999997e-07 4.800000000000001 -0.2 0.0 0.2
-1.235e-07 4.800000000000001 -0.2 0.0 0.2
-1.2299999999999998e-07 4.800000000000001 -0.2 0.0 0.0
-1.2249999999999997e-07 4.800000000000001 -0.2 0.0 0.0
-1.2199999999999998e-07 4.800000000000001 -0.2 0.0 0.4
-1.2149999999999997e-07 4.800000000000001 -0.2 0.0 0.4
-1.2099999999999998e-07 4.800000000000001 -0.2 0.0 0.4
-1.2049999999999997e-07 4.800000000000001 -0.2 0.0 0.4
-1.1999999999999996e-07 4.800000000000001 -0.2 0.0 0.2
-1.1949999999999998e-07 4.800000000000001 -0.2 0.0 0.2
-1.1899999999999997e-07 4.800000000000001 -0.2 0.0 0.2
-1.1849999999999998e-07 4.800000000000001 -0.2 0.0 0.2
-1.1799999999999997e-07 4.800000000000001 -0.2 -0.2 0.0
-1.1749999999999999e-07 4.800000000000001 -0.2 -0.2 0.0
-1.1699999999999998e-07 4.800000000000001 -0.2 -0.2 0.0
-1.1649999999999996e-07 4.800000000000001 -0.2 -0.2 0.0
-1.1599999999999998e-07 4.800000000000001 -0.2 0.0 0.0
-1.1549999999999997e-07 4.800000000000001 -0.2 0.0 0.0
-1.1499999999999998e-07 4.800000000000001 -0.2 0.0 0.0
-1.1449999999999997e-07 4.800000000000001 -0.2 0.0 0.0
-1.1399999999999996e-07 4.6000000000000005 -0.4 0.0 0.0
-1.1349999999999998e-07 4.6000000000000005 -0.4 0.0 0.0
-1.1299999999999997e-07 4.6000000000000005 -0.4 -0.2 0.0
-1.1249999999999998e-07 4.6000000000000005 -0.4 -0.2 0.0
-1.1199999999999997e-07 4.800000000000001 -0.4 0.0 0.0
-1.1149999999999999e-07 4.800000000000001 -0.4 0.0 0.0
-1.1099999999999997e-07 4.800000000000001 -0.2 0.0 0.0
-1.1049999999999996e-07 4.800000000000001 -0.2 0.0 0.0
-1.0999999999999998e-07 4.800000000000001 -0.4 0.0 0.0
-1.0949999999999997e-07 4.800000000000001 -0.4 0.0 0.0
-1.0899999999999998e-07 4.800000000000001 -0.4 0.0 0.0
-1.0849999999999997e-07 4.800000000000001 -0.4 0.0 0.0
-1.0799999999999996e-07 4.800000000000001 -0.4 0.0 0.0
-1.0749999999999998e-07 4.800000000000001 -0.4 0.0 0.0
-1.0699999999999997e-07 4.800000000000001 -0.2 0.0 0.0
-1.0649999999999998e-07 4.800000000000001 -0.2 0.0 0.0
-1.0599999999999997e-07 4.800000000000001 -0.2 0.0 0.0
-1.0549999999999999e-07 4.800000000000001 -0.2 0.0 0.0
-1.0499999999999997e-07 4.800000000000001 -0.2 0.0 0.0
-1.0449999999999996e-07 4.800000000000001 -0.2 0.0 0.0
-1.0399999999999998e-07 4.800000000000001 -0.2 0.0 0.0
-1.0349999999999997e-07 4.800000000000001 -0.2 0.0 0.0
-1.0299999999999998e-07 4.800000000000001 -0.2 0.0 0.0
-1.0249999999999997e-07 4.800000000000001 -0.2 0.0 0.0
-1.0199999999999999e-07 4.800000000000001 -0.4 0.0 0.0
-1.0149999999999998e-07 4.800000000000001 -0.4 0.0 0.0
-1.0099999999999996e-07 4.800000000000001 -0.2 -0.2 0.0
-1.0049999999999998e-07 4.800000000000001 -0.2 -0.2 0.0
-9.999999999999997e-08 4.800000000000001 -0.2 0.0 0.0
-9.949999999999998e-08 4.800000000000001 -0.2 0.0 0.0
-9.899999999999997e-08 4.800000000000001 -0.2 -0.2 0.0
-9.849999999999996e-08 4.800000000000001 -0.2 -0.2 0.0
-9.799999999999998e-08 4.800000000000001 -0.2 0.0 0.0
-9.749999999999997e-08 4.800000000000001 -0.2 0.0 0.0
-9.699999999999998e-08 4.800000000000001 0.0 0.0 0.0
-9.649999999999997e-08 4.800000000000001 0.0 0.0 0.0
-9.599999999999999e-08 4.800000000000001 0.0 0.0 0.0
-9.549999999999998e-08 4.800000000000001 0.0 0.0 0.0
-9.499999999999996e-08 4.800000000000001 0.0 -0.2 0.0
-9.449999999999998e-08 4.800000000000001 0.0 -0.2 0.0
-9.399999999999997e-08 4.800000000000001 0.0 0.0 0.0
-9.349999999999998e-08 4.800000000000001 0.0 0.0 0.0
-9.299999999999997e-08 4.800000000000001 0.0 -0.2 0.0
-9.249999999999996e-08 4.800000000000001 0.0 -0.2 0.0
-9.199999999999998e-08 4.800000000000001 -0.2 -0.2 0.0
-9.149999999999997e-08 4.800000000000001 -0.2 -0.2 0.0
-9.099999999999998e-08 4.800000000000001 -0.2 0.0 0.0
-9.049999999999997e-08 4.800000000000001 -0.2 0.0 0.0
-8.999999999999999e-08 4.800000000000001 -0.2 -0.2 0.0
-8.949999999999997e-08 4.800000000000001 -0.2 -0.2 0.0
-8.899999999999996e-08 4.800000000000001 -0.2 -0.2 0.0
-8.849999999999998e-08 4.800000000000001 -0.2 -0.2 0.0
-8.799999999999997e-08 4.800000000000001 -0.4 0.0 0.0
-8.749999999999998e-08 4.800000000000001 -0.4 0.0 0.0
-8.699999999999997e-08 4.800000000000001 -0.4 -0.2 0.0
-8.649999999999996e-08 4.800000000000001 -0.4 -0.2 0.0
-8.599999999999998e-08 4.800000000000001 -0.4 -0.2 0.0
-8.549999999999996e-08 4.800000000000001 -0.4 -0.2 0.0
-8.499999999999998e-08 4.800000000000001 -0.2 -0.2 0.0
-8.449999999999997e-08 4.800000000000001 -0.2 -0.2 0.0
-8.399999999999998e-08 4.800000000000001 -0.2 -0.2 0.0
-8.349999999999997e-08 4.800000000000001 -0.2 -0.2 0.0
-8.299999999999996e-08 4.800000000000001 -0.2 -0.2 0.0
-8.249999999999998e-08 4.800000000000001 -0.2 -0.2 0.0
-8.199999999999997e-08 4.800000000000001 -0.2 -0.2 0.0
-8.149999999999998e-08 4.800000000000001 -0.2 -0.2 0.0
-8.099999999999997e-08 4.800000000000001 -0.2 -0.2 0.0
-8.049999999999996e-08 4.800000000000001 -0.2 -0.2 0.0
-7.999999999999998e-08 4.800000000000001 -0.2 -0.2 0.0
-7.949999999999996e-08 4.800000000000001 -0.2 -0.2 0.0
-7.899999999999998e-08 4.800000000000001 -0.2 -0.2 0.2
-7.849999999999997e-08 4.800000000000001 -0.2 -0.2 0.2
-7.799999999999998e-08 4.800000000000001 -0.2 0.0 0.0
-7.749999999999997e-08 4.800000000000001 -0.2 0.0 0.0
-7.699999999999996e-08 4.800000000000001 -0.2 -0.2 0.0
-7.649999999999998e-08 4.800000000000001 -0.2 -0.2 0.0
-7.599999999999997e-08 4.800000000000001 -0.2 -0.2 0.0
-7.549999999999998e-08 4.800000000000001 -0.2 -0.2 0.0
-7.499999999999997e-08 4.800000000000001 -0.4 -0.2 0.0
-7.449999999999999e-08 4.800000000000001 -0.4 -0.2 0.0
-7.399999999999997e-08 4.800000000000001 -0.4 -0.2 0.0
-7.349999999999996e-08 4.800000000000001 -0.4 -0.2 0.0
-7.299999999999998e-08 4.800000000000001 -0.2 -0.2 0.0
-7.249999999999997e-08 4.800000000000001 -0.2 -0.2 0.0
-7.199999999999998e-08 4.800000000000001 -0.2 -0.2 0.0
-7.149999999999997e-08 4.800000000000001 -0.2 -0.2 0.0
-7.099999999999996e-08 4.800000000000001 -0.2 0.0 0.0
-7.049999999999998e-08 4.800000000000001 -0.2 0.0 0.0
-6.999999999999997e-08 4.800000000000001 -0.4 -0.2 0.0
-6.949999999999998e-08 4.800000000000001 -0.4 -0.2 0.0
-6.899999999999997e-08 4.800000000000001 -0.4 -0.2 0.4
-6.849999999999998e-08 4.800000000000001 -0.4 -0.2 0.4
-6.799999999999997e-08 4.800000000000001 -0.2 0.0 0.4
-6.749999999999996e-08 4.800000000000001 -0.2 0.0 0.4
-6.699999999999998e-08 4.800000000000001 -0.2 -0.2 0.0
-6.649999999999997e-08 4.800000000000001 -0.2 -0.2 0.0
-6.599999999999998e-08 4.800000000000001 -0.2 -0.2 0.0
-6.549999999999997e-08 4.800000000000001 -0.2 -0.2 0.0
-6.499999999999996e-08 4.800000000000001 -0.2 -0.2 0.0
-6.449999999999998e-08 4.800000000000001 -0.2 -0.2 0.0
-6.399999999999996e-08 4.800000000000001 -0.2 0.0 -0.2
-6.349999999999998e-08 4.800000000000001 -0.2 0.0 -0.2
-6.299999999999997e-08 4.800000000000001 -0.2 -0.2 -0.2
-6.249999999999998e-08 4.800000000000001 -0.2 -0.2 -0.2
-6.199999999999997e-08 4.800000000000001 -0.2 -0.2 -0.2
-6.149999999999996e-08 4.800000000000001 -0.2 -0.2 -0.2
-6.099999999999998e-08 4.800000000000001 0.2 -0.2 0.0
-6.049999999999999e-08 4.800000000000001 0.2 -0.2 0.0
-5.999999999999995e-08 4.800000000000001 0.2 -0.2 0.0
-5.949999999999997e-08 4.800000000000001 0.2 -0.2 0.0
-5.8999999999999986e-08 4.800000000000001 0.2 -0.2 0.2
-5.849999999999995e-08 4.800000000000001 0.2 -0.2 0.2
-5.7999999999999963e-08 4.800000000000001 0.0 0.0 0.2
-5.749999999999998e-08 4.800000000000001 0.0 0.0 0.2
-5.6999999999999994e-08 4.800000000000001 0.0 0.0 0.2
-5.6499999999999957e-08 4.800000000000001 0.0 0.0 0.2
-5.599999999999997e-08 4.800000000000001 -0.2 0.0 0.2
-5.549999999999999e-08 4.800000000000001 -0.2 0.0 0.2
-5.499999999999995e-08 4.800000000000001 -0.4 -0.2 0.2
-5.4499999999999965e-08 4.800000000000001 -0.4 -0.2 0.2
-5.399999999999998e-08 4.800000000000001 -0.2 0.0 0.0
-5.3499999999999996e-08 4.800000000000001 -0.2 0.0 0.0
-5.299999999999996e-08 4.800000000000001 -0.2 -0.2 0.0
-5.2499999999999974e-08 4.800000000000001 -0.2 -0.2 0.0
-5.199999999999999e-08 4.800000000000001 -0.4 -0.2 0.0
-5.149999999999995e-08 4.800000000000001 -0.4 -0.2 0.0
-5.099999999999997e-08 4.800000000000001 -0.2 0.0 0.0
-5.049999999999998e-08 4.800000000000001 -0.2 0.0 0.0
-4.9999999999999945e-08 4.800000000000001 -0.4 0.0 0.0
-4.949999999999996e-08 4.800000000000001 -0.4 0.0 0.0
-4.8999999999999976e-08 4.800000000000001 -0.2 0.0 0.0
-4.849999999999999e-08 4.800000000000001 -0.2 0.0 0.0
-4.7999999999999953e-08 4.800000000000001 -0.2 0.0 -0.4
-4.749999999999997e-08 4.800000000000001 -0.2 0.0 -0.4
-4.6999999999999984e-08 4.800000000000001 -0.4 0.0 -0.2
-4.6499999999999947e-08 4.800000000000001 -0.4 0.0 -0.2
-4.599999999999996e-08 4.800000000000001 -0.4 -0.2 -0.2
-4.549999999999998e-08 4.800000000000001 -0.4 -0.2 -0.2
-4.499999999999999e-08 4.800000000000001 0.0 -0.2 0.0
-4.4499999999999955e-08 4.800000000000001 0.0 -0.2 0.0
-4.399999999999997e-08 4.800000000000001 0.0 -0.2 0.0
-4.3499999999999986e-08 4.800000000000001 0.0 -0.2 0.0
-4.299999999999995e-08 4.800000000000001 0.0 0.0 0.0
-4.2499999999999964e-08 4.800000000000001 0.0 0.0 0.0
-4.199999999999998e-08 4.800000000000001 0.0 -0.2 0.4
-4.1499999999999994e-08 4.800000000000001 0.0 -0.2 0.4
-4.099999999999996e-08 4.800000000000001 0.0 -0.2 0.2
-4.049999999999997e-08 4.800000000000001 0.0 -0.2 0.2
-3.999999999999999e-08 4.800000000000001 -0.2 0.0 0.0
-3.949999999999995e-08 4.800000000000001 -0.2 0.0 0.0
-3.8999999999999965e-08 4.800000000000001 -0.2 -0.2 0.0
-3.849999999999998e-08 4.800000000000001 -0.2 -0.2 0.0
-3.7999999999999996e-08 4.800000000000001 -0.2 0.0 0.0
-3.749999999999996e-08 4.800000000000001 -0.2 0.0 0.0
-3.6999999999999974e-08 4.800000000000001 -0.4 -0.2 0.0
-3.649999999999999e-08 4.800000000000001 -0.4 -0.2 0.0
-3.599999999999995e-08 4.800000000000001 -0.4 0.0 0.0
-3.549999999999997e-08 4.800000000000001 -0.4 0.0 0.0
-3.499999999999998e-08 4.800000000000001 -0.2 -0.2 0.2
-3.4499999999999945e-08 4.800000000000001 -0.2 -0.2 0.2
-3.399999999999996e-08 4.800000000000001 -0.2 -0.2 0.0
-3.3499999999999976e-08 4.800000000000001 -0.2 -0.2 0.0
-3.299999999999999e-08 4.800000000000001 -0.2 -0.2 0.0
-3.2499999999999954e-08 4.800000000000001 -0.2 -0.2 0.0
-3.199999999999997e-08 4.800000000000001 -0.4 -0.2 0.0
-3.1499999999999984e-08 4.800000000000001 -0.4 -0.2 0.0
-3.099999999999995e-08 4.800000000000001 -0.2 0.0 0.0
-3.049999999999996e-08 4.800000000000001 -0.2 0.0 0.0
-2.999999999999998e-08 4.800000000000001 -0.2 0.0 0.0
-2.9499999999999993e-08 4.800000000000001 -0.2 0.0 0.0
-2.8999999999999955e-08 4.800000000000001 -0.2 0.0 0.0
-2.849999999999997e-08 4.800000000000001 -0.2 0.0 0.0
-2.7999999999999986e-08 4.800000000000001 -0.2 0.0 0.0
-2.749999999999995e-08 4.800000000000001 -0.2 0.0 0.0
-2.6999999999999964e-08 4.800000000000001 -0.2 0.0 0.0
-2.649999999999998e-08 4.800000000000001 -0.2 0.0 0.0
-2.5999999999999995e-08 4.800000000000001 -0.2 0.0 0.0
-2.5499999999999957e-08 4.800000000000001 -0.2 0.0 0.0
-2.4999999999999972e-08 4.6000000000000005 -0.2 0.0 0.0
-2.4499999999999988e-08 4.6000000000000005 -0.2 0.0 0.0
-2.399999999999995e-08 4.800000000000001 -0.2 0.0 0.0
-2.3499999999999966e-08 4.800000000000001 -0.2 0.0 0.0
-2.299999999999998e-08 4.800000000000001 -0.4 0.0 0.0
-2.2499999999999943e-08 4.800000000000001 -0.4 0.0 0.0
-2.199999999999996e-08 4.800000000000001 -0.2 0.0 0.0
-2.1499999999999974e-08 4.800000000000001 -0.2 0.0 0.0
-2.099999999999999e-08 4.800000000000001 -0.2 0.0 0.0
-2.0499999999999952e-08 4.800000000000001 -0.2 0.0 0.0
-1.9999999999999967e-08 4.800000000000001 -0.2 0.0 0.0
-1.9499999999999983e-08 4.800000000000001 -0.2 0.0 0.0
-1.8999999999999945e-08 4.800000000000001 -0.2 0.0 0.0
-1.849999999999996e-08 4.800000000000001 -0.2 0.0 0.0
-1.7999999999999976e-08 4.800000000000001 -0.2 0.0 0.0
-1.749999999999999e-08 4.800000000000001 -0.2 0.0 0.0
-1.6999999999999954e-08 4.800000000000001 -0.2 0.0 0.0
-1.649999999999997e-08 4.800000000000001 -0.2 0.0 0.0
-1.5999999999999984e-08 4.800000000000001 -0.2 0.0 0.0
-1.5499999999999947e-08 4.800000000000001 -0.2 0.0 0.0
-1.4999999999999962e-08 4.800000000000001 -0.4 0.0 0.0
-1.4499999999999978e-08 4.800000000000001 -0.4 0.0 0.0
-1.3999999999999993e-08 4.800000000000001 -0.4 0.0 0.2
-1.3499999999999955e-08 4.800000000000001 -0.4 0.0 0.2
-1.299999999999997e-08 4.800000000000001 -0.2 0.0 0.0
-1.2499999999999986e-08 4.800000000000001 -0.2 0.0 0.0
-1.1999999999999949e-08 4.800000000000001 -0.4 0.0 0.0
-1.1499999999999964e-08 4.800000000000001 -0.4 0.0 0.0
-1.099999999999998e-08 4.800000000000001 -0.4 0.0 0.0
-1.0499999999999995e-08 4.800000000000001 -0.4 0.0 0.0
-9.999999999999957e-09 4.800000000000001 -0.4 0.0 0.0
-9.499999999999973e-09 4.800000000000001 -0.4 0.0 0.0
-8.999999999999988e-09 4.800000000000001 -0.2 -0.2 0.0
-8.49999999999995e-09 4.800000000000001 -0.2 -0.2 0.0
-7.999999999999966e-09 4.6000000000000005 -0.4 -0.2 0.0
-7.499999999999981e-09 4.6000000000000005 -0.4 -0.2 0.0
-6.9999999999999436e-09 4.6000000000000005 -0.2 -0.2 0.0
-6.499999999999959e-09 4.6000000000000005 -0.2 -0.2 0.0
-5.999999999999974e-09 4.4 -0.2 -0.2 0.0
-5.49999999999999e-09 4.4 -0.2 -0.2 0.0
-4.999999999999952e-09 4.2 -0.2 -0.2 0.0
-4.4999999999999675e-09 4.2 -0.2 -0.2 0.0
-3.999999999999983e-09 3.6 -0.4 -0.2 0.0
-3.4999999999999453e-09 3.6 -0.4 -0.2 0.0
-2.9999999999999607e-09 3.4000000000000004 -0.2 -0.2 0.0
-2.499999999999976e-09 3.4000000000000004 -0.2 -0.2 0.0
-1.9999999999999914e-09 3.0 -0.2 0.0 0.0
-1.4999999999999539e-09 3.0 -0.2 0.0 0.0
-9.999999999999692e-10 2.6 -0.2 0.0 0.0
-4.999999999999846e-10 2.6 -0.2 0.0 0.0
5.293955920339377e-23 2.4000000000000004 -0.2 0.0 0.0
5.000000000000376e-10 2.4000000000000004 -0.2 0.0 0.0
1.0000000000000222e-09 2.0 -0.2 -0.2 -0.4
1.5000000000000068e-09 2.0 -0.2 -0.2 -0.4
2.0000000000000444e-09 1.8 -0.4 -0.2 -0.4
2.500000000000029e-09 1.8 -0.4 -0.2 -0.4
3.0000000000000136e-09 1.6 -0.2 -0.2 -0.4
3.500000000000051e-09 1.6 -0.2 -0.2 -0.4
4.000000000000036e-09 1.2000000000000002 -0.2 -0.2 -0.2
4.5000000000000204e-09 1.2000000000000002 -0.2 -0.2 -0.2
5.000000000000058e-09 1.2000000000000002 -0.2 0.0 -0.4
5.500000000000043e-09 1.2000000000000002 -0.2 0.0 -0.4
6.000000000000027e-09 1.2000000000000002 -0.2 0.0 -0.4
6.500000000000012e-09 1.2000000000000002 -0.2 0.0 -0.4
7.0000000000000494e-09 1.0 -0.4 0.0 -0.4
7.500000000000034e-09 1.0 -0.4 0.0 -0.4
8.000000000000019e-09 0.8 -0.2 0.0 -0.2
8.500000000000056e-09 0.8 -0.2 0.0 -0.2
9.000000000000041e-09 0.8 -0.2 0.0 -0.4
9.500000000000026e-09 0.8 -0.2 0.0 -0.4
1.000000000000001e-08 0.6000000000000001 -0.4 0.0 0.0
1.0500000000000048e-08 0.6000000000000001 -0.4 0.0 0.0
1.1000000000000032e-08 0.6000000000000001 -0.4 -0.2 0.0
1.1500000000000017e-08 0.6000000000000001 -0.4 -0.2 0.0
1.2000000000000055e-08 0.6000000000000001 -0.2 0.0 0.0
1.2500000000000039e-08 0.6000000000000001 -0.2 0.0 0.0
1.3000000000000024e-08 0.6000000000000001 -0.2 0.0 0.0
1.3500000000000008e-08 0.6000000000000001 -0.2 0.0 0.0
1.4000000000000046e-08 0.6000000000000001 -0.2 0.0 0.0
1.450000000000003e-08 0.6000000000000001 -0.2 0.0 0.0
1.5000000000000015e-08 0.4 -0.4 -0.2 0.0
1.5500000000000053e-08 0.4 -0.4 -0.2 0.0
1.6000000000000037e-08 0.4 -0.4 -0.2 0.0
1.6500000000000022e-08 0.4 -0.4 -0.2 0.0
1.700000000000006e-08 0.4 -0.4 0.2 0.0
1.7500000000000044e-08 0.4 -0.4 0.2 0.0
1.800000000000003e-08 0.2 -0.2 0.8 0.2
1.8500000000000013e-08 0.2 -0.2 0.8 0.2
1.900000000000005e-08 0.2 -0.6000000000000001 1.4000000000000001 0.6000000000000001
1.9500000000000036e-08 0.2 -0.6000000000000001 1.4000000000000001 0.6000000000000001
2.000000000000002e-08 -0.2 -0.4 2.4000000000000004 1.2000000000000002
2.0500000000000058e-08 -0.2 -0.4 2.4000000000000004 1.2000000000000002
2.1000000000000042e-08 -0.2 -0.6000000000000001 3.2 1.8
2.1500000000000027e-08 -0.2 -0.6000000000000001 3.2 1.8
2.2000000000000012e-08 -0.2 -0.6000000000000001 4.2 3.0
2.250000000000005e-08 -0.2 -0.6000000000000001 4.2 3.0
2.3000000000000034e-08 -0.4 -0.2 4.800000000000001 3.8000000000000003
2.350000000000002e-08 -0.4 -0.2 4.800000000000001 3.8000000000000003
2.4000000000000056e-08 0.0 0.0 5.2 4.800000000000001
2.450000000000004e-08 0.0 0.0 5.2 4.800000000000001
2.5000000000000025e-08 -0.2 0.0 5.6000000000000005 5.4
2.550000000000001e-08 -0.2 0.0 5.6000000000000005 5.4
2.6000000000000048e-08 0.0 0.2 5.6000000000000005 6.0
2.6500000000000032e-08 0.0 0.2 5.6000000000000005 6.0
2.7000000000000017e-08 0.0 0.2 5.6000000000000005 6.0
2.7500000000000054e-08 0.0 0.2 5.6000000000000005 6.0
2.800000000000004e-08 0.0 0.2 5.4 5.6000000000000005
2.8500000000000024e-08 0.0 0.2 5.4 5.6000000000000005
2.9000000000000008e-08 0.0 0.0 5.2 5.4
2.9500000000000046e-08 0.0 0.0 5.2 5.4
3.000000000000003e-08 -0.2 0.0 4.800000000000001 5.0
3.0500000000000015e-08 -0.2 0.0 4.800000000000001 5.0
3.100000000000005e-08 -0.4 0.0 4.6000000000000005 4.800000000000001
3.150000000000004e-08 -0.4 0.0 4.6000000000000005 4.800000000000001
3.200000000000002e-08 -0.2 0.0 4.4 4.4
3.250000000000006e-08 -0.2 0.0 4.4 4.4
3.3000000000000044e-08 -0.2 0.0 4.4 4.2
3.350000000000003e-08 -0.2 0.0 4.4 4.2
3.400000000000001e-08 -0.4 0.0 4.4 4.2
3.450000000000005e-08 -0.4 0.0 4.4 4.2
3.5000000000000035e-08 -0.4 0.0 4.6000000000000005 4.2
3.550000000000002e-08 -0.4 0.0 4.6000000000000005 4.2
3.600000000000006e-08 -0.4 0.0 4.800000000000001 4.6000000000000005
3.650000000000004e-08 -0.4 0.0 4.800000000000001 4.6000000000000005
3.700000000000003e-08 -0.4 0.2 4.800000000000001 4.4
3.750000000000001e-08 -0.4 0.2 4.800000000000001 4.4
3.800000000000005e-08 -0.4 0.2 4.800000000000001 4.800000000000001
3.8500000000000034e-08 -0.4 0.2 4.800000000000001 4.800000000000001
3.900000000000002e-08 -0.4 -0.2 4.800000000000001 4.800000000000001
3.9500000000000056e-08 -0.4 -0.2 4.800000000000001 4.800000000000001
4.000000000000004e-08 -0.4 -0.4 5.2 5.0
4.0500000000000025e-08 -0.4 -0.4 5.2 5.0
4.100000000000001e-08 -0.2 -0.2 5.2 5.0
4.150000000000005e-08 -0.2 -0.2 5.2 5.0
4.200000000000003e-08 -0.4 -0.2 5.4 5.4
4.2500000000000017e-08 -0.4 -0.2 5.4 5.4
4.3000000000000054e-08 -0.4 -0.2 5.2 5.4
4.350000000000004e-08 -0.4 -0.2 5.2 5.4
4.4000000000000023e-08 -0.2 0.0 5.2 5.4
4.450000000000006e-08 -0.2 0.0 5.2 5.4
4.5000000000000046e-08 -0.2 0.0 5.4 5.4
4.550000000000003e-08 -0.2 0.0 5.4 5.4
4.6000000000000015e-08 -0.4 0.4 5.2 5.4
4.650000000000005e-08 -0.4 0.4 5.2 5.4
4.700000000000004e-08 -0.4 0.4 5.0 5.2
4.750000000000002e-08 -0.4 0.4 5.0 5.2
4.800000000000006e-08 0.0 0.4 5.0 5.4
4.8500000000000044e-08 0.0 0.4 5.0 5.4
4.900000000000003e-08 -0.2 0.2 5.0 5.0
4.950000000000001e-08 -0.2 0.2 5.0 5.0
5.000000000000005e-08 -0.2 0.4 5.0 5.2
5.0500000000000035e-08 -0.2 0.4 5.0 5.2
5.100000000000002e-08 -0.2 0.4 5.4 5.2
5.150000000000006e-08 -0.2 0.4 5.4 5.2
5.200000000000004e-08 -0.2 0.4 5.800000000000001 5.4
5.250000000000003e-08 -0.2 0.4 5.800000000000001 5.4
5.300000000000001e-08 0.0 0.4 5.6000000000000005 5.4
5.350000000000005e-08 0.0 0.4 5.6000000000000005 5.4
5.4000000000000034e-08 0.0 0.4 5.800000000000001 5.800000000000001
5.450000000000002e-08 0.0 0.4 5.800000000000001 5.800000000000001
5.5000000000000056e-08 -0.2 0.8 6.0 5.800000000000001
5.550000000000004e-08 -0.2 0.8 6.0 5.800000000000001
5.6000000000000025e-08 -0.2 0.8 6.0 5.6000000000000005
5.650000000000001e-08 -0.2 0.8 6.0 5.6000000000000005
5.700000000000005e-08 -0.2 1.0 5.6000000000000005 5.800000000000001
5.750000000000003e-08 -0.2 1.0 5.6000000000000005 5.800000000000001
5.8000000000000016e-08 -0.2 1.2000000000000002 5.800000000000001 5.6000000000000005
5.8500000000000054e-08 -0.2 1.2000000000000002 5.800000000000001 5.6000000000000005
5.900000000000004e-08 0.0 1.4000000000000001 5.4 5.800000000000001
5.950000000000002e-08 0.0 1.4000000000000001 5.4 5.800000000000001
6.000000000000006e-08 0.0 1.6 5.4 5.6000000000000005
6.050000000000005e-08 0.0 1.6 5.4 5.6000000000000005
6.100000000000003e-08 0.0 1.8 5.4 5.4
6.150000000000001e-08 0.0 1.8 5.4 5.4
6.200000000000005e-08 0.0 2.0 5.4 5.2
6.250000000000004e-08 0.0 2.0 5.4 5.2
6.300000000000002e-08 0.0 2.2 5.6000000000000005 5.4
6.350000000000006e-08 0.0 2.2 5.6000000000000005 5.4
6.400000000000004e-08 0.0 2.4000000000000004 5.6000000000000005 5.4
6.450000000000003e-08 0.0 2.4000000000000004 5.6000000000000005 5.4
6.500000000000001e-08 0.0 2.8000000000000003 5.6000000000000005 5.4
6.550000000000005e-08 0.0 2.8000000000000003 5.6000000000000005 5.4
6.600000000000004e-08 0.0 3.0 5.6000000000000005 5.800000000000001
6.650000000000002e-08 0.0 3.0 5.6000000000000005 5.800000000000001
6.700000000000006e-08 0.0 3.4000000000000004 5.6000000000000005 5.800000000000001
6.750000000000004e-08 0.0 3.4000000000000004 5.6000000000000005 5.800000000000001
6.800000000000003e-08 -0.2 3.6 5.6000000000000005 5.6000000000000005
6.850000000000001e-08 -0.2 3.6 5.6000000000000005 5.6000000000000005
6.900000000000005e-08 -0.2 4.0 5.6000000000000005 5.800000000000001
6.950000000000003e-08 -0.2 4.0 5.6000000000000005 5.800000000000001
7.000000000000002e-08 -0.2 4.2 5.6000000000000005 5.800000000000001
7.050000000000006e-08 -0.2 4.2 5.6000000000000005 5.800000000000001
7.100000000000004e-08 -0.4 4.6000000000000005 5.6000000000000005 5.6000000000000005
7.150000000000002e-08 -0.4 4.6000000000000005 5.6000000000000005 5.6000000000000005
7.200000000000006e-08 -0.4 4.800000000000001 5.6000000000000005 5.4
7.250000000000005e-08 -0.4 4.800000000000001 5.6000000000000005 5.4
7.300000000000003e-08 -0.4 4.800000000000001 5.6000000000000005 5.4
7.350000000000002e-08 -0.4 4.800000000000001 5.6000000000000005 5.4
7.400000000000005e-08 -0.4 4.800000000000001 5.6000000000000005 5.4
7.450000000000004e-08 -0.4 4.800000000000001 5.6000000000000005 5.4
7.500000000000002e-08 -0.4 5.2 5.6000000000000005 5.800000000000001
7.550000000000006e-08 -0.4 5.2 5.6000000000000005 5.800000000000001
7.600000000000005e-08 -0.4 5.2 5.6000000000000005 5.6000000000000005
7.650000000000003e-08 -0.4 5.2 5.6000000000000005 5.6000000000000005
7.700000000000001e-08 -0.2 5.2 5.6000000000000005 5.6000000000000005
7.750000000000005e-08 -0.2 5.2 5.6000000000000005 5.6000000000000005
7.800000000000004e-08 -0.4 5.2 5.6000000000000005 5.6000000000000005
7.850000000000002e-08 -0.4 5.2 5.6000000000000005 5.6000000000000005
7.900000000000006e-08 -0.4 5.2 5.800000000000001 5.6000000000000005
7.950000000000004e-08 -0.4 5.2 5.800000000000001 5.6000000000000005
8.000000000000003e-08 -0.4 5.4 5.800000000000001 5.6000000000000005
8.050000000000001e-08 -0.4 5.4 5.800000000000001 5.6000000000000005
8.100000000000005e-08 -0.4 5.4 6.0 5.800000000000001
8.150000000000003e-08 -0.4 5.4 6.0 5.800000000000001
8.200000000000002e-08 -0.4 5.6000000000000005 5.800000000000001 5.6000000000000005
8.250000000000006e-08 -0.4 5.6000000000000005 5.800000000000001 5.6000000000000005
8.300000000000004e-08 -0.4 5.4 6.0 5.6000000000000005
8.350000000000003e-08 -0.4 5.4 6.0 5.6000000000000005
8.400000000000006e-08 0.0 5.4 6.0 5.6000000000000005
8.450000000000005e-08 0.0 5.4 6.0 5.6000000000000005
8.500000000000003e-08 0.0 5.4 5.6000000000000005 5.800000000000001
8.550000000000002e-08 0.0 5.4 5.6000000000000005 5.800000000000001
8.600000000000006e-08 0.0 5.4 5.6000000000000005 5.6000000000000005
8.650000000000004e-08 0.0 5.4 5.6000000000000005 5.6000000000000005
8.700000000000002e-08 0.0 5.4 5.6000000000000005 5.800000000000001
8.750000000000006e-08 0.0 5.4 5.6000000000000005 5.800000000000001
8.800000000000005e-08 -0.2 5.4 5.6000000000000005 5.800000000000001
8.850000000000003e-08 -0.2 5.4 5.6000000000000005 5.800000000000001
8.900000000000002e-08 0.0 5.4 5.6000000000000005 5.6000000000000005
8.950000000000005e-08 0.0 5.4 5.6000000000000005 5.6000000000000005
9.000000000000004e-08 0.0 5.4 6.0 5.800000000000001
9.050000000000002e-08 0.0 5.4 6.0 5.800000000000001
9.100000000000006e-08 0.0 5.4 5.800000000000001 5.6000000000000005
9.150000000000005e-08 0.0 5.4 5.800000000000001 5.6000000000000005
9.200000000000003e-08 -0.2 5.6000000000000005 5.800000000000001 5.800000000000001
9.250000000000001e-08 -0.2 5.6000000000000005 5.800000000000001 5.800000000000001
9.300000000000005e-08 -0.2 5.6000000000000005 5.800000000000001 5.6000000000000005
9.350000000000004e-08 -0.2 5.6000000000000005 5.800000000000001 5.6000000000000005
9.400000000000002e-08 -0.2 5.800000000000001 6.0 5.6000000000000005
9.450000000000006e-08 -0.2 5.800000000000001 6.0 5.6000000000000005
9.500000000000004e-08 -0.2 5.6000000000000005 5.6000000000000005 5.6000000000000005
9.550000000000003e-08 -0.2 5.6000000000000005 5.6000000000000005 5.6000000000000005
9.600000000000001e-08 -0.2 5.6000000000000005 5.6000000000000005 5.6000000000000005
9.650000000000005e-08 -0.2 5.6000000000000005 5.6000000000000005 5.6000000000000005
9.700000000000003e-08 -0.2 5.800000000000001 5.800000000000001 5.6000000000000005
9.750000000000002e-08 -0.2 5.800000000000001 5.800000000000001 5.6000000000000005
9.800000000000006e-08 0.0 5.800000000000001 5.800000000000001 5.6000000000000005
9.850000000000004e-08 0.0 5.800000000000001 5.800000000000001 5.6000000000000005
9.900000000000003e-08 0.0 5.4 6.0 5.800000000000001
9.950000000000006e-08 0.0 5.4 6.0 5.800000000000001
1.0000000000000005e-07 0.0 5.4 6.0 5.800000000000001
1.0050000000000003e-07 0.0 5.4 6.0 5.800000000000001
1.0100000000000002e-07 0.0 5.4 6.0 5.6000000000000005
1.0150000000000006e-07 0.0 5.4 6.0 5.6000000000000005
1.0200000000000004e-07 0.0 5.4 6.0 5.800000000000001
1.0250000000000002e-07 0.0 5.4 6.0 5.800000000000001
1.0300000000000006e-07 -0.4 5.4 6.0 5.6000000000000005
1.0350000000000005e-07 -0.4 5.4 6.0 5.6000000000000005
1.0400000000000003e-07 -0.4 5.6000000000000005 6.0 5.6000000000000005
1.0450000000000002e-07 -0.4 5.6000000000000005 6.0 5.6000000000000005
1.0500000000000005e-07 -0.4 5.800000000000001 5.6000000000000005 5.6000000000000005
1.0550000000000004e-07 -0.4 5.800000000000001 5.6000000000000005 5.6000000000000005
1.0600000000000002e-07 -0.4 5.6000000000000005 5.6000000000000005 5.800000000000001
1.0650000000000006e-07 -0.4 5.6000000000000005 5.6000000000000005 5.800000000000001
1.0700000000000004e-07 -0.4 5.6000000000000005 5.6000000000000005 5.800000000000001
1.0750000000000003e-07 -0.4 5.6000000000000005 5.6000000000000005 5.800000000000001
1.0800000000000001e-07 -0.2 5.6000000000000005 5.6000000000000005 5.800000000000001
1.0850000000000005e-07 -0.2 5.6000000000000005 5.6000000000000005 5.800000000000001
1.0900000000000004e-07 -0.2 5.6000000000000005 5.6000000000000005 5.6000000000000005
1.0950000000000002e-07 -0.2 5.6000000000000005 5.6000000000000005 5.6000000000000005
1.1000000000000006e-07 0.0 5.800000000000001 5.6000000000000005 5.800000000000001
1.1050000000000004e-07 0.0 5.800000000000001 5.6000000000000005 5.800000000000001
1.1100000000000003e-07 -0.2 5.4 5.6000000000000005 5.6000000000000005
1.1150000000000007e-07 -0.2 5.4 5.6000000000000005 5.6000000000000005
1.1200000000000005e-07 -0.2 5.4 5.6000000000000005 5.4
1.1250000000000003e-07 -0.2 5.4 5.6000000000000005 5.4
1.1300000000000002e-07 -0.2 5.4 5.6000000000000005 5.4
1.1350000000000006e-07 -0.2 5.4 5.6000000000000005 5.4
1.1400000000000004e-07 -0.2 5.4 5.6000000000000005 5.4
1.1450000000000003e-07 -0.2 5.4 5.6000000000000005 5.4
1.1500000000000006e-07 -0.4 5.4 5.6000000000000005 5.6000000000000005
1.1550000000000005e-07 -0.4 5.4 5.6000000000000005 5.6000000000000005
1.1600000000000003e-07 0.0 5.6000000000000005 5.6000000000000005 5.800000000000001
1.1650000000000002e-07 0.0 5.6000000000000005 5.6000000000000005 5.800000000000001
1.1700000000000006e-07 -0.2 5.800000000000001 5.6000000000000005 5.6000000000000005
1.1750000000000004e-07 -0.2 5.800000000000001 5.6000000000000005 5.6000000000000005
1.1800000000000002e-07 0.0 5.800000000000001 5.6000000000000005 6.0
1.1850000000000006e-07 0.0 5.800000000000001 5.6000000000000005 6.0
1.1900000000000005e-07 -0.2 5.800000000000001 5.6000000000000005 6.0
1.1950000000000003e-07 -0.2 5.800000000000001 5.6000000000000005 6.0
1.2000000000000002e-07 -0.4 5.6000000000000005 5.6000000000000005 6.0
1.2050000000000005e-07 -0.4 5.6000000000000005 5.6000000000000005 6.0
1.2100000000000004e-07 -0.4 5.6000000000000005 5.6000000000000005 5.6000000000000005
1.2150000000000002e-07 -0.4 5.6000000000000005 5.6000000000000005 5.6000000000000005
1.2200000000000006e-07 -0.4 5.4 5.6000000000000005 5.6000000000000005
1.2250000000000004e-07 -0.4 5.4 5.6000000000000005 5.6000000000000005
1.2300000000000003e-07 -0.4 5.4 5.6000000000000005 5.6000000000000005
1.2350000000000001e-07 -0.4 5.4 5.6000000000000005 5.6000000000000005
1.2400000000000005e-07 0.0 5.4 5.6000000000000005 5.4
1.2450000000000004e-07 0.0 5.4 5.6000000000000005 5.4
1.2500000000000002e-07 0.0 5.4 5.6000000000000005 5.4
1.2550000000000006e-07 0.0 5.4 5.6000000000000005 5.4
1.2600000000000004e-07 -0.2 5.4 5.6000000000000005 5.4
1.2650000000000003e-07 -0.2 5.4 5.6000000000000005 5.4
1.2700000000000007e-07 -0.2 5.4 5.6000000000000005 5.4
1.2750000000000005e-07 -0.2 5.4 5.6000000000000005 5.4
1.2800000000000003e-07 0.0 5.4 5.2 5.4
1.2850000000000002e-07 0.0 5.4 5.2 5.4
1.2900000000000006e-07 -0.2 5.4 5.4 5.2
1.2950000000000004e-07 -0.2 5.4 5.4 5.2
1.3000000000000003e-07 -0.2 5.4 5.2 5.2
1.3050000000000006e-07 -0.2 5.4 5.2 5.2
1.3100000000000005e-07 0.0 5.4 5.4 5.2
1.3150000000000003e-07 0.0 5.4 5.4 5.2
1.3200000000000002e-07 -0.2 5.4 5.2 5.4
1.3250000000000005e-07 -0.2 5.4 5.2 5.4
1.3300000000000004e-07 -0.2 5.4 5.2 5.4
1.3350000000000002e-07 -0.2 5.4 5.2 5.4
1.3400000000000006e-07 0.0 5.4 5.2 5.4
1.3450000000000005e-07 0.0 5.4 5.2 5.4
1.3500000000000003e-07 -0.2 5.0 5.4 5.4
1.3550000000000002e-07 -0.2 5.0 5.4 5.4
1.3600000000000005e-07 -0.2 5.0 5.4 5.4
1.3650000000000004e-07 -0.2 5.0 5.4 5.4
1.3700000000000002e-07 -0.2 5.2 5.2 5.4
1.3750000000000006e-07 -0.2 5.2 5.2 5.4
1.3800000000000004e-07 -0.2 5.0 5.4 5.4
1.3850000000000003e-07 -0.2 5.0 5.4 5.4
1.3900000000000007e-07 -0.2 5.2 5.4 5.4
1.3950000000000005e-07 -0.2 5.2 5.4 5.4
1.4000000000000004e-07 -0.2 5.0 5.4 5.4
1.4050000000000002e-07 -0.2 5.0 5.4 5.4
1.4100000000000006e-07 -0.2 5.2 5.4 5.4
1.4150000000000004e-07 -0.2 5.2 5.4 5.4
1.4200000000000003e-07 -0.2 5.0 5.4 5.4
1.4250000000000007e-07 -0.2 5.0 5.4 5.4
1.4300000000000005e-07 -0.4 5.2 5.2 5.4
1.4350000000000003e-07 -0.4 5.2 5.2 5.4
1.4400000000000002e-07 -0.4 5.0 5.0 5.4
1.4450000000000006e-07 -0.4 5.0 5.0 5.4
1.4500000000000004e-07 -0.4 5.0 5.0 5.4
1.4550000000000003e-07 -0.4 5.0 5.0 5.4
1.4600000000000006e-07 -0.4 5.2 5.0 5.4
1.4650000000000005e-07 -0.4 5.2 5.0 5.4
1.4700000000000003e-07 -0.4 5.2 5.2 5.4
1.4750000000000002e-07 -0.4 5.2 5.2 5.4
1.4800000000000005e-07 -0.2 5.2 5.2 5.2
1.4850000000000004e-07 -0.2 5.2 5.2 5.2
1.4900000000000002e-07 -0.2 5.2 5.2 5.2
1.4950000000000006e-07 -0.2 5.2 5.2 5.2
1.5000000000000005e-07 -0.2 5.2 5.4 5.2
1.5050000000000003e-07 -0.2 5.2 5.4 5.2
1.5100000000000002e-07 -0.2 5.2 5.4 5.4
1.5150000000000005e-07 -0.2 5.2 5.4 5.4
1.5200000000000004e-07 -0.2 5.2 5.0 5.4
1.5250000000000002e-07 -0.2 5.2 5.0 5.4
1.5300000000000006e-07 -0.2 5.0 5.2 5.4
1.5350000000000004e-07 -0.2 5.0 5.2 5.4
1.5400000000000003e-07 0.0 5.2 5.0 5.4
1.5450000000000007e-07 0.0 5.2 5.0 5.4
1.5500000000000005e-07 -0.2 5.2 5.0 5.2
1.5550000000000004e-07 -0.2 5.2 5.0 5.2
1.5600000000000002e-07 -0.2 5.0 5.0 5.4
1.5650000000000006e-07 -0.2 5.0 5.0 5.4
1.5700000000000004e-07 -0.2 5.0 5.0 5.0
1.5750000000000003e-07 -0.2 5.0 5.0 5.0
1.5800000000000006e-07 -0.2 5.0 5.0 5.2
1.5850000000000005e-07 -0.2 5.0 5.0 5.2
1.5900000000000003e-07 -0.4 4.800000000000001 5.0 5.0
1.5950000000000002e-07 -0.4 4.800000000000001 5.0 5.0
1.6000000000000006e-07 -0.4 4.800000000000001 5.0 5.2
1.6050000000000004e-07 -0.4 4.800000000000001 5.0 5.2
1.6100000000000003e-07 -0.4 4.800000000000001 5.0 5.0
1.6150000000000006e-07 -0.4 4.800000000000001 5.0 5.0
1.6200000000000005e-07 -0.4 4.800000000000001 5.0 5.2
1.6250000000000003e-07 -0.4 4.800000000000001 5.0 5.2
1.6300000000000002e-07 -0.4 4.800000000000001 5.4 5.2
1.6350000000000005e-07 -0.4 4.800000000000001 5.4 5.2
1.6400000000000004e-07 -0.2 5.2 5.4 5.0
1.6450000000000002e-07 -0.2 5.2 5.4 5.0
1.6500000000000006e-07 0.0 5.2 5.4 5.2
1.6550000000000005e-07 0.0 5.2 5.4 5.2
1.6600000000000003e-07 -0.2 5.2 5.4 5.2
1.6650000000000007e-07 -0.2 5.2 5.4 5.2
1.6700000000000005e-07 -0.2 5.2 5.4 5.2
1.6750000000000004e-07 -0.2 5.2 5.4 5.2
1.6800000000000002e-07 0.0 5.2 5.4 5.2
1.6850000000000006e-07 0.0 5.2 5.4 5.2
1.6900000000000004e-07 -0.2 5.0 5.0 5.2
1.6950000000000003e-07 -0.2 5.0 5.0 5.2
1.7000000000000007e-07 -0.2 5.2 5.0 5.4
1.7050000000000005e-07 -0.2 5.2 5.0 5.4
1.7100000000000004e-07 0.0 4.800000000000001 5.0 5.4
1.7150000000000002e-07 0.0 4.800000000000001 5.0 5.4
1.7200000000000006e-07 0.0 4.800000000000001 5.0 5.4
1.7250000000000004e-07 0.0 4.800000000000001 5.0 5.4
1.7300000000000003e-07 -0.2 4.800000000000001 5.0 5.2
1.7350000000000006e-07 -0.2 4.800000000000001 5.0 5.2
1.7400000000000005e-07 0.0 4.800000000000001 5.0 5.4
1.7450000000000003e-07 0.0 4.800000000000001 5.0 5.4
1.7500000000000002e-07 -0.2 4.800000000000001 5.4 5.4
1.7550000000000006e-07 -0.2 4.800000000000001 5.4 5.4
1.7600000000000004e-07 -0.2 5.2 5.4 5.0
1.7650000000000003e-07 -0.2 5.2 5.4 5.0
1.7700000000000006e-07 -0.2 5.0 5.2 5.0
1.775e-07 -0.2 5.0 5.2 5.0
1.7800000000000003e-07 -0.2 5.2 5.2 5.2
1.7850000000000007e-07 -0.2 5.2 5.2 5.2
1.79e-07 -0.2 5.0 5.2 5.4
1.7950000000000004e-07 -0.2 5.0 5.2 5.4
1.8000000000000008e-07 -0.2 5.0 5.4 5.4
1.805e-07 -0.2 5.0 5.4 5.4
1.8100000000000005e-07 -0.2 5.2 5.2 5.4
1.8150000000000008e-07 -0.2 5.2 5.2 5.4
1.8200000000000002e-07 0.0 5.2 5.4 5.4
1.8250000000000005e-07 0.0 5.2 5.4 5.4
1.830000000000001e-07 -0.2 5.0 5.4 5.4
1.8350000000000002e-07 -0.2 5.0 5.4 5.4
1.8400000000000006e-07 0.0 5.0 5.2 5.2
1.845e-07 0.0 5.0 5.2 5.2
1.8500000000000003e-07 -0.2 5.0 5.4 5.4
1.8550000000000007e-07 -0.2 5.0 5.4 5.4
1.86e-07 0.0 5.2 5.4 5.4
1.8650000000000004e-07 0.0 5.2 5.4 5.4
1.8700000000000007e-07 -0.2 5.0 5.4 5.4
1.875e-07 -0.2 5.0 5.4 5.4
1.8800000000000004e-07 -0.2 5.0 5.4 5.4
1.8850000000000008e-07 -0.2 5.0 5.4 5.4
1.89e-07 -0.2 5.2 5.4 5.4
1.8950000000000005e-07 -0.2 5.2 5.4 5.4
1.9000000000000009e-07 -0.2 5.0 5.2 5.4
1.9050000000000002e-07 -0.2 5.0 5.2 5.4
1.9100000000000006e-07 -0.2 5.2 5.2 5.4
1.915000000000001e-07 -0.2 5.2 5.2 5.4
1.9200000000000003e-07 0.0 5.2 5.2 5.4
1.9250000000000006e-07 0.0 5.2 5.2 5.4
1.93e-07 0.0 5.2 5.2 5.4
1.9350000000000003e-07 0.0 5.2 5.2 5.4
1.9400000000000007e-07 0.0 5.2 5.4 5.4
1.945e-07 0.0 5.2 5.4 5.4
1.9500000000000004e-07 -0.2 5.0 5.4 5.4
1.9550000000000008e-07 -0.2 5.0 5.4 5.4
1.96e-07 0.0 5.0 5.2 5.4
1.9650000000000005e-07 0.0 5.0 5.2 5.4
1.9700000000000008e-07 -0.2 5.0 5.4 5.4
1.9750000000000001e-07 -0.2 5.0 5.4 5.4
1.9800000000000005e-07 0.0 5.2 5.2 5.4
1.985000000000001e-07 0.0 5.2 5.2 5.4
1.9900000000000002e-07 0.0 5.0 5.4 5.4
1.9950000000000006e-07 0.0 5.0 5.4 5.4
2.000000000000001e-07 0.0 5.2 5.2 5.4
2.0050000000000003e-07 0.0 5.2 5.2 5.4
2.0100000000000007e-07 -0.2 5.2 5.4 5.4
2.015e-07 -0.2 5.2 5.4 5.4
2.0200000000000004e-07 0.0 5.2 5.4 5.4
2.0250000000000007e-07 0.0 5.2 5.4 5.4
2.03e-07 -0.2 5.2 5.2 5.4
2.0350000000000004e-07 -0.2 5.2 5.2 5.4
2.0400000000000008e-07 0.0 5.4 5.2 5.4
2.045e-07 0.0 5.4 5.2 5.4
2.0500000000000005e-07 0.0 5.4 5.4 5.4
2.0550000000000009e-07 0.0 5.4 5.4 5.4
2.0600000000000002e-07 -0.2 5.4 5.4 5.2
2.0650000000000006e-07 -0.2 5.4 5.4 5.2
2.070000000000001e-07 0.0 5.4 5.4 5.2
2.0750000000000003e-07 0.0 5.4 5.4 5.2
2.0800000000000006e-07 0.0 5.4 5.4 5.4
2.085e-07 0.0 5.4 5.4 5.4
2.0900000000000003e-07 -0.2 5.4 5.4 5.4
2.0950000000000007e-07 -0.2 5.4 5.4 5.4
2.1e-07 0.0 5.4 5.2 5.4
2.1050000000000004e-07 0.0 5.4 5.2 5.4
2.1100000000000008e-07 0.0 5.4 5.4 5.2
2.115e-07 0.0 5.4 5.4 5.2
2.1200000000000005e-07 -0.2 5.4 5.2 5.2
2.1250000000000008e-07 -0.2 5.4 5.2 5.2
2.1300000000000001e-07 -0.2 5.4 5.4 5.4
2.1350000000000005e-07 -0.2 5.4 5.4 5.4
2.140000000000001e-07 -0.2 5.4 5.4 5.4
2.1450000000000002e-07 -0.2 5.4 5.4 5.4
2.1500000000000006e-07 -0.2 5.4 5.2 5.4
2.155000000000001e-07 -0.2 5.4 5.2 5.4
2.1600000000000003e-07 -0.2 5.6000000000000005 5.4 5.4
2.1650000000000007e-07 -0.2 5.6000000000000005 5.4 5.4
2.17e-07 -0.2 5.6000000000000005 5.4 5.4
2.1750000000000004e-07 -0.2 5.6000000000000005 5.4 5.4
2.1800000000000007e-07 -0.2 5.6000000000000005 5.4 5.4
2.185e-07 -0.2 5.6000000000000005 5.4 5.4
2.1900000000000004e-07 -0.2 5.6000000000000005 5.6000000000000005 5.4
2.1950000000000008e-07 -0.2 5.6000000000000005 5.6000000000000005 5.4
2.2e-07 -0.2 5.6000000000000005 5.6000000000000005 5.4
2.2050000000000005e-07 -0.2 5.6000000000000005 5.6000000000000005 5.4
2.2100000000000009e-07 0.0 5.4 5.6000000000000005 5.4
2.2150000000000002e-07 0.0 5.4 5.6000000000000005 5.4
2.2200000000000006e-07 -0.2 5.4 5.6000000000000005 5.4
2.225000000000001e-07 -0.2 5.4 5.6000000000000005 5.4
2.2300000000000002e-07 -0.4 5.4 5.6000000000000005 5.4
2.2350000000000006e-07 -0.4 5.4 5.6000000000000005 5.4
2.24e-07 -0.4 5.4 5.6000000000000005 5.4
2.2450000000000003e-07 -0.4 5.4 5.6000000000000005 5.4
2.2500000000000007e-07 -0.4 5.4 5.6000000000000005 5.4
2.255e-07 -0.4 5.4 5.6000000000000005 5.4
2.2600000000000004e-07 -0.4 5.4 5.6000000000000005 5.2
2.2650000000000008e-07 -0.4 5.4 5.6000000000000005 5.2
2.27e-07 -0.4 5.4 5.6000000000000005 5.4
2.2750000000000005e-07 -0.4 5.4 5.6000000000000005 5.4
2.2800000000000008e-07 0.0 5.4 5.6000000000000005 5.4
2.2850000000000001e-07 0.0 5.4 5.6000000000000005 5.4
2.2900000000000005e-07 -0.2 5.4 5.6000000000000005 5.4
2.295000000000001e-07 -0.2 5.4 5.6000000000000005 5.4
2.3000000000000002e-07 0.0 5.4 5.6000000000000005 5.4
2.3050000000000006e-07 0.0 5.4 5.6000000000000005 5.4
2.310000000000001e-07 0.0 5.4 5.6000000000000005 5.4
2.3150000000000003e-07 0.0 5.4 5.6000000000000005 5.4
2.3200000000000007e-07 -0.2 5.4 5.6000000000000005 5.4
2.325e-07 -0.2 5.4 5.6000000000000005 5.4
2.3300000000000003e-07 -0.2 5.4 5.6000000000000005 5.4
2.3350000000000007e-07 -0.2 5.4 5.6000000000000005 5.4
2.34e-07 0.0 5.4 5.6000000000000005 5.800000000000001
2.3450000000000004e-07 0.0 5.4 5.6000000000000005 5.800000000000001
2.3500000000000008e-07 0.0 5.4 5.2 5.800000000000001
2.355e-07 0.0 5.4 5.2 5.800000000000001
2.3600000000000005e-07 -0.2 5.4 5.4 5.800000000000001
2.3650000000000009e-07 -0.2 5.4 5.4 5.800000000000001
2.3700000000000002e-07 -0.2 5.4 5.4 5.800000000000001
2.3750000000000006e-07 -0.2 5.4 5.4 5.800000000000001
2.380000000000001e-07 -0.2 5.4 5.2 5.800000000000001
2.385e-07 -0.2 5.4 5.2 5.800000000000001
2.3900000000000006e-07 -0.2 5.4 5.6000000000000005 5.6000000000000005
2.395000000000001e-07 -0.2 5.4 5.6000000000000005 5.6000000000000005
2.4000000000000003e-07 -0.2 5.6000000000000005 5.6000000000000005 5.800000000000001
2.4050000000000007e-07 -0.2 5.6000000000000005 5.6000000000000005 5.800000000000001
2.41e-07 -0.2 5.4 5.6000000000000005 5.4
2.4150000000000004e-07 -0.2 5.4 5.6000000000000005 5.4
2.420000000000001e-07 0.0 5.4 5.6000000000000005 5.4
2.425e-07 0.0 5.4 5.6000000000000005 5.4
2.4300000000000005e-07 -0.2 5.4 5.6000000000000005 5.4
2.435000000000001e-07 -0.2 5.4 5.6000000000000005 5.4
2.44e-07 0.0 5.4 5.6000000000000005 5.2
2.4450000000000005e-07 0.0 5.4 5.6000000000000005 5.2
2.450000000000001e-07 0.0 5.4 5.2 5.2
2.455e-07 0.0 5.4 5.2 5.2
2.4600000000000006e-07 -0.2 5.4 5.4 5.4
2.465000000000001e-07 -0.2 5.4 5.4 5.4
2.4700000000000003e-07 0.0 5.4 5.4 5.4
2.4750000000000007e-07 0.0 5.4 5.4 5.4
2.48e-07 -0.2 5.4 5.2 5.4
2.4850000000000003e-07 -0.2 5.4 5.2 5.4
2.4900000000000007e-07 0.0 5.4 5.2 5.2
2.495e-07 0.0 5.4 5.2 5.2
2.5000000000000004e-07 0.0 5.4 5.6000000000000005 5.4
2.505000000000001e-07 0.0 5.4 5.6000000000000005 5.4
2.51e-07 0.0 5.6000000000000005 5.6000000000000005 5.4
2.5150000000000005e-07 0.0 5.6000000000000005 5.6000000000000005 5.4
2.520000000000001e-07 -0.2 5.4 5.6000000000000005 5.4
2.525e-07 -0.2 5.4 5.6000000000000005 5.4
2.5300000000000006e-07 -0.2 5.4 5.6000000000000005 5.4
2.535000000000001e-07 -0.2 5.4 5.6000000000000005 5.4
2.54e-07 -0.2 5.4 5.6000000000000005 5.4
2.5450000000000006e-07 -0.2 5.4 5.6000000000000005 5.4
2.550000000000001e-07 -0.2 5.4 5.6000000000000005 5.4
2.5550000000000003e-07 -0.2 5.4 5.6000000000000005 5.4
2.5600000000000007e-07 0.0 5.4 5.6000000000000005 5.4
2.565e-07 0.0 5.4 5.6000000000000005 5.4
2.5700000000000004e-07 -0.2 5.4 5.4 5.4
2.575000000000001e-07 -0.2 5.4 5.4 5.4
2.58e-07 0.0 5.4 5.4 5.4
2.5850000000000004e-07 0.0 5.4 5.4 5.4
2.590000000000001e-07 0.0 5.4 5.4 5.4
2.595e-07 0.0 5.4 5.4 5.4
2.6000000000000005e-07 0.0 5.4 5.4 5.4
2.605000000000001e-07 0.0 5.4 5.4 5.4
2.61e-07 0.0 5.4 5.4 5.4
2.6150000000000006e-07 0.0 5.4 5.4 5.4
2.620000000000001e-07 0.0 5.4 5.6000000000000005 5.4
2.6250000000000003e-07 0.0 5.4 5.6000000000000005 5.4
2.6300000000000007e-07 0.0 5.4 5.6000000000000005 5.4
2.635e-07 0.0 5.4 5.6000000000000005 5.4
2.6400000000000003e-07 -0.2 5.4 5.6000000000000005 5.4
2.6450000000000007e-07 -0.2 5.4 5.6000000000000005 5.4
2.65e-07 -0.2 5.4 5.6000000000000005 5.4
2.6550000000000004e-07 -0.2 5.4 5.6000000000000005 5.4
2.660000000000001e-07 -0.2 5.4 5.6000000000000005 5.4
2.665e-07 -0.2 5.4 5.6000000000000005 5.4
2.6700000000000005e-07 0.0 5.4 5.6000000000000005 5.4
2.675000000000001e-07 0.0 5.4 5.6000000000000005 5.4
2.68e-07 -0.2 5.4 5.2 5.4
2.6850000000000006e-07 -0.2 5.4 5.2 5.4
2.690000000000001e-07 -0.2 5.4 5.2 5.4
2.695e-07 -0.2 5.4 5.2 5.4
2.7000000000000006e-07 -0.2 5.4 5.4 5.2
2.705000000000001e-07 -0.2 5.4 5.4 5.2
2.7100000000000003e-07 -0.2 5.0 5.2 5.2
2.7150000000000007e-07 -0.2 5.0 5.2 5.2
2.72e-07 0.0 5.0 5.4 5.4
2.7250000000000004e-07 0.0 5.0 5.4 5.4
2.730000000000001e-07 0.0 5.0 5.4 5.4
2.735e-07 0.0 5.0 5.4 5.4
2.7400000000000004e-07 0.0 5.2 5.4 5.4
2.745000000000001e-07 0.0 5.2 5.4 5.4
2.75e-07 -0.2 5.2 5.4 5.4
2.7550000000000005e-07 -0.2 5.2 5.4 5.4
2.760000000000001e-07 -0.2 5.4 5.4 5.2
2.765e-07 -0.2 5.4 5.4 5.2
2.7700000000000006e-07 0.0 5.4 5.4 5.2
2.775000000000001e-07 0.0 5.4 5.4 5.2
2.7800000000000003e-07 0.0 5.4 5.4 5.0
2.7850000000000007e-07 0.0 5.4 5.4 5.0
2.79e-07 0.0 5.4 5.4 5.4
2.7950000000000003e-07 0.0 5.4 5.4 5.4
2.8000000000000007e-07 0.0 5.4 5.2 5.4
2.805e-07 0.0 5.4 5.2 5.4
2.8100000000000004e-07 -0.2 5.4 5.4 5.4
2.815000000000001e-07 -0.2 5.4 5.4 5.4
2.82e-07 0.0 5.4 5.2 5.6000000000000005
2.8250000000000005e-07 0.0 5.4 5.2 5.6000000000000005
2.830000000000001e-07 0.0 5.2 5.2 5.6000000000000005
2.835e-07 0.0 5.2 5.2 5.6000000000000005
2.8400000000000005e-07 -0.2 5.2 5.2 5.6000000000000005
2.845000000000001e-07 -0.2 5.2 5.2 5.6000000000000005
2.85e-07 0.0 5.2 5.4 5.4
2.8550000000000006e-07 0.0 5.2 5.4 5.4
2.860000000000001e-07 0.0 5.2 5.2 5.4
2.8650000000000003e-07 0.0 5.2 5.2 5.4
2.8700000000000007e-07 -0.2 5.2 5.4 5.0
2.875e-07 -0.2 5.2 5.4 5.0
2.8800000000000004e-07 0.0 5.2 5.4 5.0
2.885000000000001e-07 0.0 5.2 5.4 5.0
2.89e-07 -0.2 5.2 5.4 5.0
2.8950000000000004e-07 -0.2 5.2 5.4 5.0
2.900000000000001e-07 -0.2 5.2 5.4 5.2
2.905e-07 -0.2 5.2 5.4 5.2
2.9100000000000005e-07 -0.2 5.4 5.4 5.4
2.915000000000001e-07 -0.2 5.4 5.4 5.4
2.92e-07 -0.2 5.4 5.4 5.4
2.9250000000000006e-07 -0.2 5.4 5.4 5.4
2.930000000000001e-07 -0.2 5.4 5.4 5.4
2.9350000000000003e-07 -0.2 5.4 5.4 5.4
2.9400000000000007e-07 -0.2 5.4 5.4 5.4
2.945000000000001e-07 -0.2 5.4 5.4 5.4
2.9500000000000003e-07 -0.2 5.4 5.2 5.4
2.9550000000000007e-07 -0.2 5.4 5.2 5.4
2.96e-07 -0.2 5.0 5.4 5.4
2.9650000000000004e-07 -0.2 5.0 5.4 5.4
2.970000000000001e-07 -0.2 5.2 5.4 5.4
2.975e-07 -0.2 5.2 5.4 5.4
2.9800000000000005e-07 0.0 5.2 5.2 5.4
2.985000000000001e-07 0.0 5.2 5.2 5.4
2.99e-07 -0.2 5.2 5.2 5.4
2.9950000000000005e-07 -0.2 5.2 5.2 5.4
